ID,Rank1,Rank2,Rank3,Rank4,Rank5,Decision
ABBV,0.1574,0.235,0.1918,0.2406,0.1752,0.0
ACN,0.2484,0.1794,0.1294,0.182,0.2608,0.0
AEP,0.1268,0.259,0.2326,0.2502,0.1314,0.0
AIZ,0.1638,0.2394,0.192,0.2422,0.1626,0.0
ALLE,0.2102,0.2044,0.1512,0.224,0.2102,0.0
AMAT,0.3484,0.1138,0.0698,0.1134,0.3546,0.0
AMP,0.2432,0.1958,0.1378,0.179,0.2442,0.0
AMZN,0.2606,0.1794,0.1214,0.182,0.2566,0.0
AVB,0.1808,0.2362,0.1728,0.242,0.1682,0.0
AVY,0.2242,0.1986,0.1452,0.1924,0.2396,0.02204
AXP,0.3034,0.1448,0.0988,0.1482,0.3048,0.01455
BDX,0.1672,0.2422,0.1876,0.2342,0.1688,0.0
BF-B,0.185,0.2104,0.1738,0.2262,0.2046,0.0
BMY,0.1784,0.2224,0.179,0.2232,0.197,0.0
BR,0.245,0.1876,0.1362,0.1814,0.2498,0.0
CARR,0.2378,0.1898,0.1374,0.1896,0.2454,0.0
CDW,0.2534,0.183,0.1362,0.1812,0.2462,0.0
CE,0.2432,0.1812,0.1404,0.1888,0.2464,0.0
CHTR,0.2634,0.1732,0.1292,0.1806,0.2536,0.0
CNC,0.2724,0.1606,0.1132,0.1774,0.2764,0.0
CNP,0.1582,0.2348,0.206,0.241,0.16,0.0
COP,0.2898,0.1546,0.1008,0.1538,0.301,0.0
CTAS,0.2228,0.2014,0.1488,0.2004,0.2266,0.0
CZR,0.3704,0.0964,0.0648,0.1056,0.3628,0.0
DG,0.2268,0.2044,0.143,0.2036,0.2222,0.00781
DPZ,0.2742,0.1628,0.1234,0.1604,0.2792,0.0
DRE,0.1924,0.2242,0.1614,0.2422,0.1798,0.0
DXC,0.294,0.1462,0.11,0.1518,0.298,0.0
FB,0.2872,0.1614,0.1136,0.1572,0.2806,0.0
FTV,0.172,0.2336,0.1806,0.2322,0.1816,0.0
GOOG,0.2756,0.1734,0.1206,0.159,0.2714,0.0
GPC,0.199,0.2014,0.1746,0.2164,0.2086,0.0
HIG,0.1918,0.221,0.174,0.2204,0.1928,0.0
HST,0.2974,0.1482,0.114,0.1554,0.285,0.0092
JPM,0.2402,0.194,0.137,0.2,0.2288,0.0
KR,0.3072,0.1472,0.1042,0.139,0.3024,0.01731
OGN,0.2986,0.1548,0.1142,0.1498,0.2826,0.0
PG,0.127,0.2634,0.2246,0.2504,0.1346,0.0
PPL,0.0746,0.2814,0.2776,0.291,0.0754,0.0
PRU,0.2312,0.195,0.1464,0.1974,0.23,0.0
PYPL,0.409,0.0748,0.0476,0.0654,0.4032,0.24901
RE,0.2058,0.215,0.1622,0.2062,0.2108,0.0
ROL,0.2702,0.1736,0.1078,0.1764,0.272,0.0
ROST,0.28,0.1586,0.116,0.1626,0.2828,0.0
UNH,0.1936,0.2136,0.1764,0.2218,0.1946,0.0
URI,0.307,0.1474,0.0954,0.1392,0.311,0.0
V,0.2894,0.1522,0.1042,0.158,0.2962,0.0
VRSK,0.2204,0.1936,0.1576,0.2106,0.2178,0.0
WRK,0.267,0.1652,0.121,0.1734,0.2734,0.0
XOM,0.2704,0.1644,0.1174,0.1682,0.2796,0.0
IVV,0.1268,0.2602,0.2294,0.259,0.1246,0.0
IWM,0.2256,0.2016,0.1496,0.2078,0.2154,0.0
EWU,0.1118,0.2654,0.2388,0.2754,0.1086,0.0
EWG,0.1192,0.2642,0.228,0.2742,0.1144,0.0
EWL,0.0944,0.2678,0.268,0.2826,0.0872,0.0
EWQ,0.1402,0.2556,0.2112,0.2526,0.1404,0.0
IEUS,0.1436,0.2584,0.2002,0.2546,0.1432,0.0
EWJ,0.1278,0.2546,0.2252,0.2656,0.1268,0.0
EWT,0.1946,0.2176,0.1742,0.2342,0.1794,0.0
MCHI,0.2598,0.1826,0.132,0.1714,0.2542,0.0
INDA,0.1988,0.2168,0.18,0.2108,0.1936,0.0
EWY,0.2264,0.204,0.153,0.1978,0.2188,0.0
EWA,0.173,0.233,0.1792,0.245,0.1698,0.0
EWH,0.1154,0.2636,0.2454,0.2608,0.1148,0.01243
EWZ,0.2796,0.157,0.116,0.1602,0.2872,0.0
EWC,0.1542,0.2426,0.2014,0.2536,0.1482,0.0
IEMG,0.158,0.244,0.204,0.2458,0.1482,0.0
LQD,0.0018,0.252,0.5122,0.23,0.004,0.0
HYG,0.0,0.1562,0.698,0.1458,0.0,0.0
SHY,0.0,0.0,1.0,0.0,0.0,0.0108
IEF,0.0008,0.2286,0.5586,0.2102,0.0018,0.0
TLT,0.1156,0.2752,0.2398,0.259,0.1104,0.0
SEGA.L,0.3338,0.1222,0.0858,0.1268,0.3314,0.49658
IEAA.L,0.0,0.0274,0.948,0.0246,0.0,0.01591
HIGH.L,0.0,0.1304,0.7526,0.117,0.0,0.01132
JPEA.L,0.0036,0.2634,0.4824,0.2474,0.0032,0.0
IAU,0.4018,0.0776,0.0536,0.0784,0.3886,0.0139
SLV,0.207,0.2116,0.16,0.208,0.2134,0.0
GSG,0.179,0.232,0.1732,0.2318,0.184,0.00584
REET,0.1148,0.2728,0.2324,0.2784,0.1016,0.0
ICLN,0.27,0.1702,0.1276,0.17,0.2622,0.0
IXN,0.2134,0.2034,0.1662,0.213,0.204,0.0
IGF,0.0678,0.2938,0.2854,0.2838,0.0692,0.0
IUVL.L,0.2012,0.2284,0.1664,0.207,0.197,0.0
IUMO.L,0.2494,0.1918,0.1268,0.1836,0.2484,0.0
SPMV.L,0.1258,0.2644,0.2324,0.255,0.1224,0.0
IEVL.L,0.1642,0.2398,0.1954,0.244,0.1566,0.0
IEFM.L,0.488,0.0056,0.003,0.0052,0.4982,0.0417
MVEU.L,0.0882,0.2782,0.2632,0.2864,0.084,0.0
XLK,0.2176,0.2076,0.1534,0.2122,0.2092,0.0
XLF,0.1712,0.2382,0.1916,0.22,0.179,0.0
XLV,0.082,0.28,0.2674,0.2816,0.089,0.0
XLE,0.2564,0.1802,0.1256,0.176,0.2618,0.0
XLY,0.2222,0.2028,0.1576,0.2034,0.214,0.0
XLI,0.12,0.2652,0.2302,0.2566,0.128,0.0
XLC,0.1748,0.2378,0.1816,0.2326,0.1732,0.0
XLU,0.119,0.2614,0.236,0.2658,0.1178,0.0
XLP,0.0636,0.2914,0.2868,0.2874,0.0708,0.0
XLB,0.132,0.2628,0.2056,0.2554,0.1442,0.0
VXX,0.4096,0.0644,0.0446,0.0648,0.4166,0.07161
